1.000000000000000000e+00
5.573806489870879233e+01
4.235445885115182563e+01
3.809079339988871027e+01
3.244648990414312095e+01
4.040743671068718612e+01
4.446499308010297824e+01
4.593928058172279094e+01
4.157792056351452459e+01
4.068285687313936450e+01
5.324573572256892362e+01
5.480815542272579677e+01
5.263945103578068085e+01
5.166921184812457568e+01
5.006255247679287379e+01
5.178359067057442644e+01
5.174906868957570083e+01
5.088750383920317688e+01
5.244192034898670585e+01
5.331370834034554917e+01
5.188774918386658896e+01
5.003743337844027650e+01
4.820776741432744927e+01
4.924942555522753906e+01
4.883901860098218606e+01
4.797504003820838392e+01
4.905526216204840750e+01
4.885474514051522021e+01
5.073064970356601577e+01
4.999035264794356692e+01
4.950486137926050390e+01
4.854705515654887193e+01
4.837570410175740676e+01
5.016432892072761973e+01
5.041798772673016060e+01
4.940946827313321421e+01
4.841720882739745235e+01
4.771806269864786998e+01
4.839161873107691747e+01
4.795185810967552698e+01
4.844474555720103837e+01
4.770506686328545243e+01
4.789257027911298792e+01
4.750694803268497424e+01
4.764129191851221634e+01
4.717867951740092280e+01
4.651286926576482728e+01
4.605695472662308276e+01
4.559286590905178116e+01
4.676705237549082739e+01
4.629418245534651533e+01
4.772296803953894084e+01
4.847543837459016913e+01
5.088789315846263861e+01
5.458091201901883949e+01
5.365073294203217813e+01
5.518024486702930886e+01
5.431663319096588793e+01
5.537963800196511954e+01
5.505878698058396736e+01
5.547219237968054273e+01
5.477265715783946831e+01
5.511879575825092559e+01
5.443153281779189712e+01
5.655632831637834101e+01
5.687706013445654207e+01
5.671154754300282264e+01
5.716227506118048751e+01
5.714258644790447050e+01
5.670534352084149532e+01
5.625439882187577467e+01
5.610833572468416008e+01
5.655550817714783562e+01
5.612928759026099357e+01
5.586055572586368356e+01
5.549489385250322471e+01
5.633890468097241921e+01
5.594653674723869585e+01
5.634135124215916335e+01
5.612651757786473183e+01
5.618480364482753942e+01
5.685548290826292828e+01
5.668133194028771271e+01
5.658774724279353308e+01
5.767672711154635579e+01
5.762225984879710694e+01
5.716024070734088980e+01
5.710566723749999340e+01
5.696650936213617911e+01
5.648076826068998457e+01
5.629080923972016848e+01
5.607869180316730962e+01
5.559486782724901133e+01
5.524896121971360685e+01
5.517511894924125926e+01
5.624202382295283087e+01
5.655666119208689224e+01
5.603172308652806066e+01
5.584024073867810500e+01
5.552424977395443761e+01
5.537008652181601320e+01
5.512425917793309793e+01
5.510786655235691001e+01
5.562897910768268872e+01
5.525694988460259083e+01
5.548792136197099012e+01
5.515348075817982476e+01
5.482681080082682001e+01
5.534958353704947598e+01
5.508554309572166119e+01
5.514474783361792731e+01
5.545072602604135881e+01
5.518939274724238686e+01
5.549941201682629810e+01
5.530938854132277527e+01
5.560146301981037453e+01
5.523131011920802536e+01
5.487920464275499910e+01
5.488242020201087001e+01
5.487905966071908637e+01
5.458951447262760581e+01
5.434452190635263236e+01
5.401453263294155249e+01
5.386710285454881131e+01
5.362464401865809549e+01
5.339634343805001748e+01
5.304577172860905421e+01
5.303987923361085421e+01
5.269160049069007101e+01
5.369332633308604841e+01
5.349588118896843980e+01
5.441780282847060590e+01
5.429378483270898670e+01
5.397944162658924938e+01
5.396517917907461737e+01
5.364208563167203181e+01
5.361652092817124782e+01
5.346076943950515670e+01
5.348161165886696011e+01
5.336022370273212090e+01
5.322648419485685167e+01
5.302343533435691114e+01
5.268453114888247057e+01
5.269834293504667500e+01
5.252039434084931457e+01
5.271192954710141265e+01
5.260676567473085896e+01
5.328986267524209097e+01
5.317292351790121074e+01
5.328267975021035596e+01
5.346500022390306128e+01
5.326267965617378053e+01
5.360799366378391539e+01
5.331816380154851487e+01
5.309533403513844263e+01
5.297536262542734420e+01
5.297858115160683923e+01
5.270622509489960805e+01
5.297826148722899831e+01
5.284160131763221813e+01
5.290534470036355685e+01
5.259175947668212814e+01
5.235222223671121355e+01
5.243666063872300498e+01
5.216108179208997342e+01
5.210971369081691762e+01
5.217055241233803997e+01
5.228273711424471770e+01
5.222047107119961140e+01
5.205038702221300184e+01
5.190842585664075415e+01
5.203878219818365380e+01
5.199002049976548534e+01
5.170386065873983483e+01
5.161691396193177894e+01
5.195432516122431110e+01
5.169039277230996987e+01
5.173900830985635935e+01
5.151744049617389720e+01
5.126404145277082591e+01
5.112288237198202978e+01
5.157003333899393027e+01
5.215369374961713334e+01
5.204130136096205206e+01
5.187256917973446946e+01
5.194790627391667215e+01
5.177820925901132654e+01
5.224604126802856996e+01
5.215306556929810711e+01
5.283741693256333605e+01
5.266230143390340146e+01
5.269049980897775498e+01
5.269535983936560086e+01
5.280596485719993183e+01
5.263424531840934151e+01
5.274869030847936813e+01
5.319288655867349291e+01
5.314037290419894788e+01
5.321931460256414681e+01
5.298376563022516450e+01
5.282841625688856624e+01
5.286389677625672334e+01
5.294207421401218028e+01
5.268797916624134814e+01
5.286031728174776845e+01
5.290138175040946322e+01
5.292230115760141729e+01
5.280094303297003222e+01
5.307333894830498622e+01
5.300642813404061826e+01
5.345558483241137537e+01
5.350696418908582075e+01
5.340840132302457732e+01
5.384157877139270454e+01
5.364280970508912105e+01
5.353948343022160117e+01
5.340223597947938572e+01
5.327735988660916178e+01
5.318894054935546478e+01
5.315493524227500899e+01
5.332852628979071596e+01
5.348643190145352833e+01
5.343510409149067897e+01
5.324863304771756845e+01
5.307456787050970348e+01
5.300089651024001114e+01
5.296243757552328901e+01
5.298118014392257180e+01
5.281982100993094775e+01
5.282686403039976852e+01
5.276026124848855403e+01
5.325724587919191322e+01
5.351513949257885372e+01
5.336946401599361423e+01
5.318748081938444017e+01
5.307774989871980864e+01
5.291603617537891324e+01
5.286108997903824758e+01
5.270624481474006018e+01
5.297285940136936944e+01
5.301159725534995459e+01
5.308506774628735769e+01
5.296060793668931410e+01
5.320306426877777284e+01
5.306790657809828105e+01
5.298664268468023408e+01
5.294698252871813082e+01
5.290711690256173227e+01
5.290298576958138455e+01
5.280089860831743209e+01
5.316359012230500269e+01
5.308435558619190431e+01
5.329024448833537519e+01
5.322846785550193260e+01
5.303527380632927901e+01
5.306964907045125557e+01
5.302806035364681492e+01
5.300825013495036586e+01
5.293987148472275095e+01
5.300886072582125763e+01
5.299045222626737228e+01
5.318186244443388233e+01
5.359037800486290593e+01
5.362088167374405856e+01
5.346137586254750573e+01
5.336000537804204669e+01
5.328399707629836257e+01
5.332723817123699206e+01
5.325273470405919340e+01
5.323912141386216490e+01
5.327217452459679947e+01
5.328720608260346836e+01
5.343940506178626748e+01
5.327790271302720981e+01
5.322418421713339143e+01
5.322776319488361452e+01
5.309407833656602804e+01
5.294803793270443037e+01
5.281522270666354046e+01
5.315378504040054963e+01
5.324621946426373853e+01
5.347896079656414514e+01
5.369851642190695884e+01
5.379854418489843937e+01
5.371799567138684495e+01
5.359611826718459326e+01
5.368189002571627810e+01
5.378284322824210051e+01
5.382887760935481936e+01
5.376129426845105286e+01
5.392980362854137155e+01
5.385217476471014209e+01
5.386932912810584639e+01
5.391582475916713690e+01
5.381485439110645785e+01
5.379195658965911520e+01
5.368448051011444022e+01
5.361282476052448231e+01
5.356202412692058346e+01
5.344351370618545616e+01
5.330862417760589267e+01
5.323956463540203998e+01
5.325588368376557469e+01
5.318850455758030904e+01
5.325288058333049435e+01
5.324732159307625068e+01
5.321929857977529821e+01
5.375153689164489634e+01
5.361893765472802187e+01
5.348476112797938953e+01
5.334942868670955107e+01
5.353002767119859584e+01
5.349274162162272006e+01
5.350847128798920238e+01
5.366925564212933608e+01
5.355911749053942117e+01
5.347216714370955515e+01
5.342234304506950338e+01
5.334320034012611700e+01
5.344999781712410680e+01
5.330577156562702612e+01
5.327300573183573817e+01
5.316597902907355433e+01
5.325403796467850270e+01
5.330071671754849660e+01
5.338346182660390582e+01
5.357945519293564729e+01
5.380901896334077605e+01
5.382623409504917333e+01
5.385944329939991349e+01
5.413515486385436759e+01
5.445376751517136427e+01
5.477171409986473805e+01
5.477385546691247242e+01
5.471684119613399844e+01
5.468077153952327762e+01
5.463438038487706905e+01
5.466037907705941024e+01
5.465230209584602505e+01
5.469204119654100538e+01
5.474198970086384008e+01
5.474348115347635968e+01
5.471383371250421135e+01
5.471772829392188697e+01
5.473215412367201083e+01
5.467833840008790958e+01
5.472207693079219837e+01
5.498535959977170506e+01
5.485984002375055724e+01
5.476826691462047592e+01
5.462729532129466037e+01
5.460411599843787656e+01
5.457657776045480347e+01
5.455893554211822050e+01
5.491726502758860562e+01
5.514550109065120154e+01
5.511915323326947913e+01
5.503118057678170061e+01
5.494281064588717101e+01
5.486402857916373677e+01
5.487572392344588934e+01
5.475862947466827535e+01
5.478121998414107452e+01
5.465742290595729003e+01
5.457874445372438288e+01
5.473662221388302385e+01
5.461442357209899967e+01
5.460088125474033660e+01
5.472812172071384396e+01
5.471885259333190987e+01
5.519893834450195413e+01
5.530477443314615726e+01
5.530016556088158097e+01
5.557078291153634808e+01
5.551619925007408085e+01
5.559638350101435833e+01
5.555748061112233671e+01
5.546625609778322996e+01
5.532394342227365058e+01
5.531755591494952284e+01
5.544997650913863652e+01
5.536107596028329425e+01
5.541678035469163888e+01
5.540583436100350667e+01
5.558609730806150395e+01
5.548717321122969537e+01
5.561180474450943478e+01
5.577660260502233314e+01
5.568061070696547432e+01
5.555791919846228666e+01
5.559907641638384490e+01
5.553245171419850834e+01
5.545055059327166447e+01
5.549850625785288116e+01
5.554486076332946709e+01
5.542505800293710649e+01
5.532333836369909363e+01
5.529099303906023266e+01
5.540993776919097513e+01
5.531070134092087898e+01
5.526373376860416897e+01
5.524615711991245348e+01
5.534460315124510288e+01
5.546064426937486758e+01
5.541766134840987235e+01
5.550944182301922325e+01
5.547319728103477132e+01
5.541917624024039668e+01
5.537044702459020584e+01
5.531676797744238172e+01
5.521101907249341423e+01
5.510537573671969369e+01
5.510181858947623112e+01
5.499410978232416625e+01
5.501801977497520113e+01
5.503321720543204520e+01
5.494265429378180698e+01
5.498878006620400072e+01
5.510358071754770037e+01
5.499511126009235795e+01
5.502202975632538795e+01
5.493051020692006148e+01
5.487311578716695237e+01
5.480076146150509686e+01
5.476219241415547856e+01
5.475491770774947042e+01
5.469697920813066361e+01
5.478696086943940458e+01
5.471910327744153335e+01
5.467173294627046687e+01
5.468115682549439782e+01
5.471031171676172988e+01
5.477672529535316670e+01
5.466040826132006458e+01
5.488592894895837304e+01
5.488609780577546360e+01
5.487573461411572850e+01
5.477145129469528229e+01
5.465638332530853916e+01
5.462985682235859031e+01
5.469448320612561787e+01
5.488008771523188756e+01
5.478118483537517136e+01
5.467150567718978493e+01
5.470717368507487066e+01
5.464326520471094994e+01
5.458112538592298790e+01
5.448444538306598872e+01
5.461571610297337998e+01
5.453866759893157479e+01
5.450046832188450452e+01
5.444646454802404634e+01
5.442191918620629565e+01
5.434822828874920475e+01
5.426397550986553853e+01
5.420791322953751035e+01
5.417054583302968496e+01
5.410343816875855083e+01
5.423126844748237829e+01
5.419059289872046037e+01
5.409442451758176418e+01
5.402015214379597552e+01
5.395513253426981493e+01
5.402534721121595140e+01
5.400794413831808782e+01
5.407070279852280947e+01
5.400757231389000879e+01
5.400540797737026821e+01
5.434964938644618115e+01
5.444785288721730865e+01
5.448443902127262106e+01
5.441884600775368597e+01
5.435442135666909991e+01
5.426256252925058732e+01
5.416448533991170677e+01
5.408793386012668236e+01
5.399715931869842223e+01
5.408227009045419464e+01
5.422123500814981867e+01
5.416516498675328251e+01
5.425477444152291184e+01
5.416592276530604266e+01
5.413871242442745313e+01
5.427074305931913756e+01
5.422068094989035814e+01
5.414911377359168654e+01
5.419771271485290498e+01
5.435568149728963050e+01
5.429616924680188106e+01
5.431132980641029917e+01
5.424636561445836236e+01
5.414178217225018130e+01
5.408334422645030060e+01
5.400216774727616809e+01
5.414158783801973840e+01
5.422754427006808697e+01
5.422027956068055943e+01
5.419896727235349232e+01
5.414425950401351173e+01
5.405976924990691401e+01
5.396540139907325084e+01
5.386469856393172506e+01
5.386473152781183416e+01
5.395443672558953097e+01
5.399890674329055429e+01
5.410098921860528520e+01
5.419170609356853419e+01
5.422855917336876530e+01
5.430501850961478283e+01
5.427471787760234179e+01
5.439062949100731004e+01
5.437797617206858547e+01
5.428787985689015727e+01
5.423846527296509379e+01
5.430261392556577960e+01
5.425096757141397319e+01
5.431511615618044431e+01
5.427569154977584276e+01
5.424163519847616755e+01
5.416327134982434899e+01
5.416293832726199042e+01
5.416531677225039232e+01
5.423587245614272945e+01
5.428866066125988254e+01
5.433836976054495693e+01
5.424193084345320415e+01
5.417390540778279728e+01
5.415479918684341243e+01
5.427885738105280211e+01
5.427493454825471275e+01
5.423818875998615141e+01
5.428325967219654302e+01
5.436708049848741808e+01
5.432281450814142687e+01
5.426605709972014324e+01
5.432959633410745681e+01
5.428593751192487815e+01
5.462969664067509967e+01
5.467993888419133697e+01
5.471431710319586017e+01
5.469608457837772875e+01
5.460368238315616196e+01
5.458688049287844279e+01
5.458099651639272309e+01
5.450160444413257466e+01
5.449659949064664488e+01
5.443400204902887651e+01
5.452433402075796920e+01
5.448449504947170396e+01
5.445651458716900351e+01
5.436795858304364515e+01
5.430469693137324327e+01
5.429274841716775057e+01
5.449462548933201589e+01
5.464363662706586666e+01
5.475207244315491550e+01
5.482728470854663527e+01
5.481141929807477453e+01
5.477703213319254161e+01
5.477016019606150365e+01
5.474347426929824678e+01
5.470270409622498420e+01
5.468657337424012610e+01
5.469060958859283517e+01
5.474917071954071446e+01
5.479668456099304308e+01
5.477094657491415575e+01
5.483358887732508435e+01
5.482427594719924713e+01
5.473977003535198804e+01
5.474702001482811653e+01
5.482030376578087072e+01
5.481480258355775703e+01
5.485057579008369544e+01
5.481997444937723429e+01
5.490823002575019984e+01
5.484076289847554619e+01
5.489942364454588386e+01
5.486467556449463245e+01
5.480992006671451122e+01
5.474694848962158744e+01
5.471291335517781107e+01
5.472689256915525391e+01
5.470704862787180645e+01
5.475958077339706165e+01
5.477381109238345402e+01
5.479767793043150448e+01
5.473892543211177042e+01
5.466591658899437789e+01
5.474994118372379148e+01
5.472274958703967940e+01
5.473642748989580298e+01
5.472418602761089090e+01
5.474164455216771330e+01
5.467632697985127521e+01
5.460849104239588314e+01
5.459257655619501293e+01
5.458813340103738909e+01
5.454086394738438059e+01
5.460294707145754955e+01
5.456876465933876119e+01
5.452049322136942067e+01
5.457725387965059838e+01
5.459153001640439840e+01
5.466234475283579286e+01
5.458905604769740449e+01
5.458901720369192390e+01
5.461852339503646192e+01
5.470893220342166074e+01
5.469336876426554284e+01
5.471899465161192921e+01
5.465972804447007860e+01
5.479369559875476625e+01
5.489577927525046874e+01
5.483288600369274945e+01
5.478046852429792324e+01
5.477852079325776202e+01
5.482135212219581177e+01
5.476434616778094266e+01
5.477513097264660757e+01
5.476927779144950392e+01
5.474105051092275431e+01
5.474152521039168562e+01
5.473402451449332062e+01
5.477852797421207498e+01
5.478623902959299130e+01
5.481005675598966320e+01
5.477618660628407099e+01
5.481302308637014420e+01
5.475093771655701858e+01
5.477989972900090976e+01
5.474692573820234287e+01
5.466864377857942969e+01
5.462572310845455092e+01
5.455919875279708720e+01
5.455684535464408924e+01
5.449272052371473052e+01
5.451159461475941015e+01
5.462631225637534271e+01
5.458058050763441571e+01
5.470305317230504016e+01
5.464185898886796622e+01
5.475975487827977872e+01
5.473288712424292868e+01
5.484608455993352294e+01
5.481386813650810552e+01
5.483754793854691911e+01
5.483560430399832342e+01
5.491589270770068509e+01
5.488983342103062313e+01
5.488428700960115236e+01
5.494473531378175579e+01
5.490605893334220156e+01
5.491234379754650519e+01
5.488045817788865577e+01
5.488776111495165821e+01
5.488296298856596422e+01
5.480985735239489287e+01
5.485062764703477711e+01
5.481650777754815351e+01
5.478566213018118702e+01
5.472492770992564459e+01
5.480516961050794578e+01
5.481143619521913024e+01
5.482106833339332752e+01
5.480250571875188825e+01
5.479157895189212724e+01
5.483626905494723758e+01
5.478473987137573431e+01
5.479719672541132525e+01
5.487241897698458359e+01
5.490151294287818473e+01
5.489815469256288338e+01
5.486788720791862062e+01
5.479631836248299948e+01
5.480334294156592279e+01
5.498044491806385281e+01
5.492930231989767265e+01
5.488220967333550249e+01
5.484439703035896940e+01
5.485010129877214524e+01
5.480431437631526137e+01
5.473571333865255895e+01
5.468148942291711734e+01
5.468644745790670925e+01
5.464694809850802670e+01
5.458523704319967607e+01
5.458133557915974166e+01
5.456033405045916140e+01
5.448761300458073720e+01
5.471406635620559200e+01
5.482607982440145378e+01
5.491562038054014039e+01
5.495816630695481564e+01
5.498050233192291358e+01
5.493550579871375561e+01
5.489156363863666854e+01
5.494318613010541696e+01
5.487905341998943953e+01
5.485833025494819992e+01
5.479425310123112780e+01
5.480096000966322123e+01
5.479283256047439465e+01
5.482722261493309190e+01
5.476191098148615310e+01
5.470824912912881643e+01
5.468353363803156242e+01
5.463801208780191843e+01
5.463513032193127117e+01
5.459030945875771579e+01
5.460607515484359453e+01
5.459159291569545758e+01
5.457134812003371138e+01
5.452130146574818781e+01
5.446754090056315079e+01
5.453683176644324249e+01
5.449918432752065200e+01
5.445539261010510046e+01
5.444236261921938080e+01
5.437491156114069213e+01
5.454592352675570766e+01
5.456414360842330069e+01
5.461685176972661537e+01
5.459542482193506885e+01
5.461777210473348987e+01
5.468761592438726638e+01
5.463309233866836934e+01
5.471209971279068185e+01
5.475099265961329564e+01
5.490613797652532924e+01
5.494574717174752010e+01
5.498042845900704378e+01
5.499087354917090664e+01
5.499203464977827593e+01
5.500716616491968125e+01
5.511712533845089723e+01
5.506829152672570871e+01
5.505060895322386472e+01
5.501019908676995840e+01
5.501048955350579206e+01
5.497402831377046084e+01
5.498950401076547223e+01
5.512738546504230186e+01
5.508691614818563664e+01
5.508951088944283470e+01
5.520558338094372886e+01
5.529649156993376380e+01
5.523811255771095574e+01
5.520053154933685846e+01
5.513912494947492604e+01
5.506978951719474225e+01
5.506940929498205861e+01
5.500709934779961685e+01
5.504680887696556368e+01
5.498907998100738581e+01
5.498725676002124629e+01
5.512690287529692057e+01
5.512446529604466150e+01
5.507095820139905840e+01
5.500801646582250015e+01
5.503335578593537747e+01
5.498598754212106599e+01
5.500014784693954795e+01
5.498643012481802828e+01
5.502116755562838080e+01
5.500026406525723388e+01
5.498176646772365928e+01
5.493729541520514204e+01
5.488623319124798172e+01
5.484138732015178164e+01
5.477572797500574353e+01
5.478402381777117114e+01
5.472637255208626783e+01
5.468566937442847120e+01
5.465138054798780587e+01
5.461504602196773561e+01
5.477896207376241478e+01
5.480662168523009115e+01
5.481972256539754795e+01
5.487580552811238732e+01
5.482439087090813246e+01
5.482320291930397360e+01
5.476758275337233073e+01
5.470980267362497074e+01
5.465617383754078418e+01
5.466487687805120999e+01
5.462921467715713675e+01
5.463795431918878620e+01
5.466544006512616249e+01
5.462654660644695070e+01
5.471656395430648701e+01
5.470594492594815961e+01
5.465394765731829807e+01
5.469378238730602249e+01
5.477184566511763819e+01
5.472753153869752651e+01
5.469440548665946977e+01
5.478087367333396429e+01
5.472221889648331228e+01
5.470098650110887206e+01
5.465444772661984985e+01
5.463579476101185151e+01
5.462898452005171634e+01
5.469393336819540252e+01
5.465747304301938669e+01
5.462536707855599616e+01
5.466274950663328269e+01
5.476762686136395075e+01
5.477622950336093766e+01
5.471935083537374567e+01
5.470125966548248897e+01
5.466865709651916205e+01
5.461295361688057426e+01
5.463669693806679106e+01
5.465913356563791581e+01
5.459885691435691513e+01
5.462533920133839871e+01
5.457557319971142107e+01
5.452648189828727965e+01
5.449901990439330035e+01
5.448739116868417653e+01
5.448819480578470120e+01
5.445668010397911729e+01
5.442105586495882363e+01
5.442530031138905144e+01
5.440892687211281498e+01
5.440990684910010344e+01
5.435731487274381379e+01
5.432565823546003969e+01
5.431870413834296585e+01
5.427846582136558595e+01
5.429002601363265512e+01
5.441301037754222136e+01
5.436260705839072216e+01
5.437395820903761745e+01
5.440056901255843513e+01
5.436767721935326847e+01
5.435362969162665081e+01
5.431218931137549077e+01
5.431354202267505826e+01
5.431970600461137622e+01
5.427564607081067294e+01
5.425194010222806185e+01
5.425241763942104001e+01
5.421814238682779319e+01
5.418527711895322341e+01
5.413227781981823483e+01
5.410173806623738102e+01
5.412212035255598153e+01
5.416962396749165976e+01
5.418290557543097918e+01
5.422448028220837557e+01
5.416693226941835348e+01
5.412594360893296397e+01
5.415067848985552246e+01
5.414897379708970959e+01
5.415383529818527109e+01
5.412605024095987716e+01
5.407838008906222882e+01
5.402016835139334461e+01
5.399523236557588746e+01
5.398495194568968003e+01
5.402571305070424756e+01
5.398700687439865931e+01
5.396324131026016602e+01
5.393575578024965722e+01
5.415543830012803994e+01
5.411634298306501734e+01
5.410965832421756261e+01
5.424843697671123977e+01
5.422372970937367853e+01
5.431785597441509594e+01
5.432341696692385824e+01
5.432313716135790571e+01
5.436647065353570696e+01
5.432101295909070870e+01
5.427391370313501540e+01
5.434917846263702756e+01
5.430082442411621457e+01
5.431139952108433988e+01
5.427842281332129915e+01
5.425265485608873206e+01
5.420342807212504255e+01
5.428489173350557451e+01
5.422716116196398417e+01
5.419884683131988368e+01
5.415964070254330665e+01
5.418894410350490176e+01
5.418361105019837254e+01
5.417397620538916669e+01
5.415801162969746940e+01
5.418151598204814690e+01
5.415312397186733762e+01
5.417210694929558912e+01
5.417497570297927467e+01
5.421701411992106756e+01
5.433136931837258743e+01
5.430201144842512662e+01
5.428592360110263826e+01
5.424970656115117862e+01
5.421454320534430593e+01
5.425835880618912910e+01
5.423040996412513692e+01
5.424146090072220971e+01
5.419400273493982922e+01
5.420023322241699759e+01
5.422662349546303773e+01
5.419872545667244168e+01
5.415330019999240818e+01
5.435578035273326236e+01
5.431030872068031812e+01
5.426221633336503203e+01
5.434646838006716507e+01
5.429753329077187374e+01
5.431780318413588304e+01
5.427089346545921700e+01
5.423923822996204791e+01
5.422901276150880534e+01
5.418063859933702275e+01
5.420791873137148542e+01
5.423741542090144208e+01
5.425403573772937449e+01
5.427268614749944931e+01
5.423054855248983586e+01
5.430012970220858648e+01
5.442305658473355834e+01
5.449156395725361079e+01
5.457501268049722398e+01
5.454703736364081834e+01
5.457345143690643852e+01
5.459663770723078358e+01
5.459955079273394318e+01
5.459099644335981338e+01
5.461940101304803363e+01
5.470195251564709338e+01
5.468140734112891010e+01
5.467026925399586190e+01
5.467534657708002754e+01
5.464393944875744324e+01
5.462538629073775809e+01
5.459060421650834627e+01
5.456591159367100374e+01
5.459040087437773536e+01
5.454027748229748340e+01
5.457328178274251940e+01
5.453710082154445615e+01
5.456821131581577333e+01
5.453418872096565195e+01
5.453227432649565287e+01
5.454092757268079339e+01
5.463603362905350735e+01
5.464911805348233997e+01
5.461342051278845133e+01
5.457740610870631315e+01
5.454009780219410430e+01
5.455900174213466869e+01
5.451600374089878187e+01
5.448869705654227857e+01
5.448420325261974995e+01
5.444256797432353068e+01
5.440681323268672998e+01
5.438965589547418489e+01
5.437249745384879418e+01
5.435719677551526985e+01
5.434611094318473334e+01
5.432936391336198767e+01
5.440759970787513566e+01
5.435670691809435340e+01
5.440778252130049708e+01
5.440247928310283498e+01
5.436511700237321776e+01
5.431904610343964634e+01
5.430899247313204370e+01
5.433503762217605271e+01
5.438477739806461386e+01
5.437190529223404667e+01
5.437156398630516918e+01
5.432015543817468028e+01
5.428543825272114276e+01
5.424784687205165312e+01
5.421708621230753522e+01
5.424878231610775714e+01
5.419876937088387336e+01
5.418410951864657932e+01
5.417360282695923956e+01
5.413660806689635763e+01
5.422887386659656528e+01
5.422202469875205111e+01
5.417349832740568871e+01
5.422913106155206009e+01
5.430727084629285173e+01
5.434603347923734873e+01
5.431968015849220421e+01
5.436363508725254690e+01
5.435464812297325210e+01
5.430933384651596185e+01
5.435555422207433907e+01
5.443438901778829120e+01
5.439734786072138206e+01
5.440746532419137793e+01
5.438399446687282790e+01
5.444460284675286488e+01
5.444573558414353442e+01
5.449322155775643495e+01
5.448673035759972549e+01
5.446587400600181184e+01
5.450748591429343293e+01
5.446269461353227825e+01
5.447338590921043533e+01
5.444210380235687552e+01
5.447425239319537837e+01
5.443447918439463251e+01
5.438254433391884390e+01
5.438928772457006744e+01
5.437405440183138694e+01
5.436466976185764821e+01
5.432918439681004230e+01
5.429283949144255672e+01
5.427721986564482393e+01
5.429304522501163888e+01
5.426992584028343458e+01
5.429225778998767282e+01
5.434644985950277629e+01
5.436177685392321024e+01
5.444262193553275608e+01
5.450896832816081883e+01
5.448269017872341635e+01
5.448347873653406737e+01
5.451587828784703760e+01
5.451934371725957362e+01
5.453193356912375123e+01
5.460324238821007015e+01
5.461675302828081868e+01
5.457102227800561423e+01
5.453611723888358398e+01
5.451295953783309756e+01
5.448571444577638090e+01
5.446679613764965922e+01
5.442883659361221049e+01
5.444137724329998917e+01
5.448839663535552091e+01
5.453432120759295287e+01
5.449651429952997717e+01
5.450278272659639356e+01
5.446397844980591429e+01
5.442023220850624909e+01
5.438211867852045600e+01
5.440214910536286652e+01
5.438543274408774408e+01
5.433998662266992596e+01
5.434119915217163310e+01
5.429645835159973188e+01
5.434666265313002498e+01
5.435534726642285364e+01
5.435429459097979077e+01
5.430488528401888715e+01
5.426661351401127575e+01
5.425055214755742128e+01
5.422546744515058492e+01
5.418503057230532249e+01
5.429472965262670670e+01
5.426684058350780049e+01
5.428257998174276366e+01
5.424530745566533341e+01
5.422879473352155344e+01
5.426186275684945315e+01
5.424287453046305529e+01
5.420990377976855257e+01
5.438642367331214444e+01
5.435510214557069730e+01
5.436321447656042238e+01
5.436077366285898194e+01
5.435274843425868596e+01
5.431707723429195767e+01
5.430864594357063879e+01
5.430468655885298546e+01
5.427143192967791663e+01
5.430113840143603454e+01
5.425693177090389696e+01
5.427271894749411274e+01
5.423491481194694330e+01
5.421954751342660472e+01
5.427576448551543109e+01
5.424684476519476561e+01
5.434815630933129427e+01
5.433048118277121574e+01
5.429509944120213305e+01
5.430994974925926044e+01
5.427502887289766420e+01
5.433961213674797364e+01
5.435517500560233373e+01
5.434503778918320194e+01
5.440015887667572514e+01
5.436752292143453502e+01
5.435265037817720923e+01
5.433182346580449718e+01
5.432389797422852951e+01
5.431201255777547487e+01
5.430486027343755495e+01
5.432918241665606018e+01
5.436264650353068362e+01
5.433636945533223894e+01
5.431876991313585279e+01
5.430861564770482630e+01
5.433505859526157167e+01
5.441590018991811917e+01
5.437066308586828711e+01
5.441556390252720377e+01
5.438707063781650675e+01
5.438723284379507561e+01
5.449013843079773523e+01
5.451592923761510434e+01
5.450765437762953525e+01
5.448478110222374227e+01
5.444555379098544279e+01
5.441250223205144465e+01
5.440360247801608296e+01
5.437539283496299447e+01
5.433349865769173448e+01
5.435023059299581405e+01
5.432910609833524518e+01
5.429459691596927229e+01
5.426059862941985301e+01
5.428788918147480302e+01
5.428356374099362824e+01
5.428453225697398921e+01
5.428028369687666554e+01
5.426112223434979853e+01
5.440217364118269217e+01
5.446005406215829936e+01
5.443321918132648563e+01
5.451131521453296358e+01
5.464346050414452804e+01
5.470723765410637895e+01
5.468407598166098182e+01
5.464800895792232893e+01
5.461084484312890908e+01
5.456597646693880677e+01
5.452060768829350934e+01
5.448839288795274882e+01
5.447280474659515903e+01
5.447518526805883710e+01
5.448297522491768774e+01
5.449047977504375240e+01
5.447904284839859912e+01
5.443729448793625636e+01
5.439662603052553891e+01
5.436894670334188362e+01
5.432993054568473923e+01
5.428504777306462614e+01
5.434856470574988663e+01
5.439063365877388634e+01
5.441052451752419472e+01
5.439494718746646384e+01
5.441045804052895818e+01
5.440941285647500791e+01
5.437872259895375038e+01
5.434263118235359968e+01
5.437828244560792257e+01
5.438136385589126576e+01
5.433856147269781900e+01
5.438018006013458461e+01
5.436544531653240142e+01
5.432805961620028512e+01
5.436561998563551867e+01
5.434408188850015620e+01
5.432894057122125986e+01
5.429363736956491238e+01
5.425643981806299365e+01
5.423628095009459571e+01
5.420744300448543385e+01
5.420575232361004225e+01
5.419059945389761879e+01
5.435370543973861146e+01
5.436079436301466217e+01
5.435629774962049510e+01
5.434119576605294810e+01
5.430684244710090525e+01
5.428050631025983108e+01
5.425464952336258762e+01
5.421084350632106208e+01
5.422124022241811048e+01
5.422211859706052195e+01
5.419618654106908195e+01
5.416114876451569415e+01
5.414243385576929057e+01
5.412937227697808140e+01
5.410216476460288249e+01
5.407750217219016520e+01
5.409974848986276896e+01
5.408625820827488440e+01
5.407838424767003005e+01
5.404793251311784985e+01
5.402391215273001990e+01
5.400566740967931167e+01
5.397572959491412092e+01
5.394761170378703952e+01
5.391611071785743547e+01
5.387954779081756129e+01
5.387939254455150717e+01
5.384848892692632916e+01
5.382381387842517029e+01
5.385706215114793594e+01
5.382728478076391099e+01
5.383056721309294801e+01
5.382880988478934370e+01
5.380880685179674572e+01
5.384566789987299273e+01
5.388273148742761975e+01
5.387491961949010033e+01
5.387321772361318750e+01
5.383573929655545243e+01
5.388484890337371525e+01
5.384995206160108694e+01
5.380964836065920309e+01
5.380663456402977829e+01
5.379569599375734867e+01
5.378338197708343671e+01
5.375480847755844138e+01
5.377428118118805145e+01
5.376255226726312486e+01
5.374419710512101744e+01
5.373176507768873478e+01
5.370525178736163241e+01
5.371083595626814855e+01
5.369667256425912427e+01
5.366805506948738724e+01
5.367408309053575977e+01
5.364687896896797525e+01
5.368687873981179592e+01
5.369106713771187600e+01
5.365269617240738853e+01
5.365529698260179003e+01
5.371879571195410819e+01
5.373034580421465023e+01
5.375446420729808494e+01
5.372220558122867118e+01
5.370692757004605511e+01
5.371524840798582545e+01
5.368907671860656450e+01
5.368894206191118457e+01
5.367825099740346673e+01
5.368751334227053462e+01
5.369171972968428719e+01
5.365549204860150923e+01
5.361564593222315267e+01
5.359272252927772939e+01
5.360879678528034731e+01
5.362199771337846244e+01
5.359865425326979960e+01
5.358204376582314410e+01
5.362891677183394279e+01
5.364105875243603805e+01
5.361998404217180081e+01
5.362530733722135778e+01
5.361336835860885230e+01
5.361031005728603560e+01
5.359788282373494184e+01
5.357277633843503395e+01
5.356449205779004785e+01
5.353118904815804768e+01
5.356106218306794631e+01
5.368796960281269293e+01
5.365814668101278784e+01
5.365878641913143809e+01
5.372472818854781451e+01
5.371063478289019599e+01
5.368517332756940164e+01
5.371016316360478982e+01
5.367240866078002881e+01
5.369087116883089550e+01
5.366712718079136124e+01
5.364241605480202679e+01
5.362548219658330595e+01
5.362045327487090418e+01
5.361457511279859744e+01
5.367402059275505621e+01
5.364318958097838674e+01
5.363449029535895818e+01
5.364188242197247547e+01
5.360409615709823328e+01
5.361247783477979567e+01
5.361932703036758596e+01
5.361501762176153107e+01
5.361900554779791150e+01
5.358190208078417527e+01
5.355595275606117411e+01
5.357949257024430523e+01
5.357278314828127463e+01
5.364759612347990725e+01
5.370349859925953950e+01
5.376557092609146338e+01
5.374527439674519513e+01
5.372172415229483278e+01
5.371064972536320425e+01
5.371586382125034476e+01
5.369269927245137808e+01
5.369405151374704133e+01
5.368296989556251475e+01
5.367538910829983934e+01
5.365691357325290056e+01
5.367044222399856324e+01
5.363431805729629787e+01
5.363602059940095756e+01
5.359797565434154620e+01
5.357848556834269260e+01
5.356207528680899799e+01
5.356780808649897807e+01
5.355297744578162877e+01
5.364271556267763685e+01
5.365411869060030625e+01
5.365077982877119211e+01
5.363499486027070162e+01
5.362247595062888195e+01
5.360468651200651635e+01
5.362464754728511451e+01
5.363916971366034403e+01
5.362673202233644787e+01
5.359102934162169163e+01
5.366812352517574425e+01
5.365840096779979262e+01
5.366160158550839299e+01
5.365199806163808205e+01
5.366212706005835997e+01
5.364651796397807715e+01
5.368437427831432984e+01
5.365074729943228249e+01
5.361750188697547514e+01
5.358287597059113239e+01
5.356978422449842725e+01
5.353205932034298087e+01
5.351557291341151767e+01
5.349783086070110016e+01
5.349012910583311253e+01
5.349547823703252192e+01
5.352182541159621820e+01
5.350468043483684966e+01
5.349889730291588563e+01
5.351611127349806196e+01
5.354673078317691193e+01
5.355946737880790920e+01
5.354870272229737793e+01
5.355161901884039111e+01
5.353807299744882187e+01
5.351413880611183060e+01
5.349459495139234377e+01
5.353065383184208770e+01
5.351218433458136303e+01
5.352584242238505396e+01
5.352583666521553596e+01
5.350745674006684993e+01
5.349627264210138122e+01
5.349028503472344198e+01
5.348442641069635783e+01
5.351326250264956741e+01
5.348923977498539273e+01
5.352330602544562765e+01
5.352897883377148958e+01
5.352205413684250601e+01
5.356304590816212396e+01
5.354937950902439070e+01
5.353079636787833095e+01
5.353717451298339824e+01
5.354432609563954060e+01
5.359912572145434950e+01
5.360784090614546216e+01
5.358488876461574790e+01
5.359406113792871906e+01
5.356028449615937603e+01
5.354286491764951705e+01
5.352319346531543687e+01
5.350368863840900246e+01
5.346864643060269628e+01
5.345190564436552449e+01
5.351224383732709811e+01
5.354048070744249799e+01
5.351453882855291511e+01
5.348616837716159012e+01
5.346520851838202759e+01
5.348522246785623935e+01
5.351742440369271492e+01
5.352516026657236381e+01
5.350519866322704132e+01
5.348367916212495032e+01
5.345987715271219543e+01
5.348858154577131785e+01
5.345947939344355149e+01
5.342604729931429119e+01
5.343754063213492600e+01
5.341396078763808930e+01
5.340538277599597450e+01
5.338746009360662725e+01
5.338363954266256428e+01
5.335929092397359597e+01
5.333139612672267305e+01
5.335012451372216447e+01
5.334669185625426024e+01
5.331247350288279563e+01
5.333302345863460658e+01
5.329975683371983308e+01
5.337937145021018637e+01
5.342637302001661936e+01
5.341508300733089953e+01
5.338879323741272742e+01
5.335699030486035355e+01
5.334720878486312046e+01
5.336182515929793624e+01
5.334475812354349245e+01
5.335147282931073676e+01
5.333810437952674732e+01
5.345303522332132928e+01
5.343199634281075561e+01
5.340419127071342587e+01
5.339078006978642321e+01
5.341232351303276005e+01
5.340462697194753616e+01
5.338378050655047957e+01
5.341642242056544632e+01
5.345357922321790056e+01
5.343837414031150246e+01
5.344391782093106968e+01
5.346067386334359384e+01
5.345282192715936276e+01
5.346436279216464982e+01
5.356374194252811094e+01
5.355996378835357064e+01
5.355978446946303961e+01
5.352719037708787653e+01
5.352399424140788398e+01
5.349965173441160005e+01
5.348447009248246076e+01
5.346738362752046214e+01
5.345712490292836350e+01
5.344309140962000981e+01
5.341942449133020432e+01
5.342045963639575490e+01
5.339129718433696326e+01
5.343338228862816663e+01
5.342956481758622544e+01
5.342791196801615428e+01
5.340891069526266222e+01
5.339207286181061107e+01
5.339332853601956685e+01
5.337647185057780064e+01
5.334895317705360185e+01
5.337940121273651073e+01
5.341163913135007135e+01
5.341000491636724234e+01
5.344136622407339132e+01
5.342326692088413864e+01
5.340714717857385807e+01
5.339677926334104541e+01
5.340837849553185634e+01
5.344602209053740438e+01
5.345196556230361296e+01
5.345215191682565603e+01
5.345234336247510498e+01
5.342549765708038478e+01
5.344879498667563666e+01
5.347915439184281894e+01
5.348162806340966569e+01
5.346271535869301772e+01
5.343382047922750644e+01
5.340251790595894477e+01
5.340288126087047971e+01
5.338099650778129046e+01
5.335400828960592889e+01
5.334456793809511055e+01
5.331421947176016118e+01
5.336154754086380336e+01
5.335380977155809035e+01
5.335217061005226213e+01
5.332372240293336318e+01
5.332395452904923161e+01
5.331093323473827184e+01
5.331756900721969572e+01
5.328755140254850176e+01
5.326287375442723970e+01
5.329841628804476983e+01
5.330834934874121700e+01
5.330107341667984855e+01
5.331404432746113287e+01
5.330581094358755223e+01
5.327462315272966009e+01
5.326234677558888819e+01
5.326661740030207426e+01
5.324705198389148109e+01
5.325927696537006995e+01
5.327042759585795295e+01
5.335602079597389036e+01
5.333145711030893921e+01
5.333721967391956298e+01
5.330883252494032121e+01
5.332197772619631593e+01
5.334927882400423016e+01
5.332744316569484511e+01
5.334204850066574721e+01
5.334750161300377869e+01
5.333245320847783688e+01
5.331658849839701730e+01
5.329605642625394069e+01
5.331283571154875034e+01
5.330352999675913850e+01
5.329003483803525398e+01
5.337137589087517853e+01
5.336894298715410656e+01
5.336819827037775354e+01
5.336658463467769309e+01
5.334682467381161075e+01
5.332194342403026610e+01
5.334250366036319235e+01
5.338700849748112631e+01
5.338985250736122623e+01
5.341792638755661216e+01
5.339304200179854121e+01
5.341745779443316167e+01
5.346386912440149075e+01
5.343530358260489521e+01
5.341866269849602844e+01
5.350878900757190593e+01
5.348981199466250303e+01
5.347229361430731842e+01
5.345498556410258573e+01
5.347062641873577604e+01
5.348013316340838941e+01
5.348724752566879204e+01
5.345858865192730036e+01
5.345006306159968545e+01
5.342923822585827054e+01
5.350379318509429538e+01
5.354012705879490142e+01
5.351515567180251765e+01
5.352054667608530281e+01
5.349278063778040604e+01
5.347790301384418399e+01
5.345509468585304802e+01
5.344493315395853728e+01
5.345285180098758104e+01
5.347469305957528007e+01
5.346712623036058432e+01
5.348931183263849931e+01
5.350134317110192228e+01
5.347047833506471193e+01
5.345993256277709094e+01
5.343624138806256241e+01
5.342195832581769110e+01
5.343045543798795904e+01
5.342055097912803063e+01
5.340731938452883298e+01
5.338268451997026887e+01
5.338428574511737423e+01
5.339453144460114942e+01
5.338498118866091602e+01
5.341665198255353175e+01
5.339843554129891601e+01
5.337479528808541573e+01
5.344645118200111256e+01
5.344838999935184631e+01
5.343284187931875096e+01
5.340747499091590100e+01
5.339028213646241738e+01
5.338165575706786825e+01
5.338486121690767305e+01
5.335980940917779236e+01
5.335512695961439533e+01
5.333632389920367700e+01
5.332245585521179976e+01
5.329172745265021405e+01
5.328986054033798325e+01
5.327205597819710192e+01
5.325240665233236115e+01
5.324243826476097752e+01
5.322727115729509251e+01
5.324269096874657237e+01
5.323463080174717987e+01
5.325644824556840007e+01
5.325259354663702283e+01
5.323050920128520147e+01
5.329065350189649308e+01
5.334609583864521909e+01
5.334115152152391204e+01
5.334636618377945894e+01
5.332158984119077161e+01
5.332804262665430173e+01
5.330407587529404623e+01
5.327850476440860916e+01
5.324755678250653546e+01
5.325304426084498743e+01
5.322687364714245462e+01
5.322845235733341696e+01
5.322179863186144644e+01
5.320720194740214026e+01
5.318062347156144654e+01
5.315485896745904171e+01
5.313441930335945074e+01
5.310707981432467761e+01
5.308792665204043715e+01
5.310681311776978930e+01
5.308574559252041070e+01
5.307131768581362508e+01
5.307647742621678333e+01
5.306433243424626767e+01
5.307416003349696609e+01
5.306510812913770536e+01
5.308924021651249348e+01
5.306532980852919934e+01
5.305528340495747841e+01
5.303553207195502495e+01
5.301013885621517829e+01
5.298728734260222240e+01
5.301622914420187271e+01
5.307281346191297899e+01
5.305399140716129835e+01
5.302707174759743225e+01
5.304817951639678597e+01
5.303489726418167294e+01
5.300509208484465518e+01
5.304337566113066771e+01
5.309166979378657913e+01
5.310435314741489066e+01
5.311868194741387583e+01
5.309141978429722286e+01
5.313473228979077589e+01
5.313887005690820331e+01
5.313531792939455300e+01
5.320515607988992457e+01
5.318418617939508408e+01
5.319197212025294164e+01
5.325316799810544666e+01
5.327189771720428979e+01
5.329771528020188498e+01
5.328290312370172188e+01
5.327332480230187173e+01
5.326553676269340087e+01
5.325922271721395873e+01
5.327816012860859018e+01
5.328587288180216319e+01
5.326013445882423980e+01
5.326911959616816006e+01
5.328053559466289357e+01
5.325500083467887436e+01
5.323960468970096827e+01
5.326968090135651579e+01
5.326289502404591047e+01
5.326392102807043472e+01
5.327088933498946233e+01
5.331065060585186899e+01
5.330041707613629853e+01
5.332729266168065152e+01
5.329610568944106319e+01
5.329353232760755077e+01
5.328729045390944208e+01
5.327254994377835118e+01
5.325860250885355640e+01
5.325353502849559106e+01
5.328296649993637857e+01
5.333245249129353027e+01
5.335770253403470775e+01
5.333118701656095340e+01
5.337661991025346708e+01
5.336687426956996916e+01
5.341096721510721324e+01
5.340204305765613668e+01
5.337473933034717533e+01
5.336686611256383372e+01
5.334519753849869517e+01
5.336401887546084311e+01
5.334992528189185634e+01
5.335586996782787850e+01
5.333782341628452173e+01
5.331903554142258628e+01
5.331576166257191574e+01
5.336493601792122377e+01
5.340836755973572281e+01
5.346479857196280250e+01
5.345266652115051897e+01
5.342987564143241030e+01
5.342792312525948262e+01
5.343174734062876041e+01
5.341024039018010683e+01
5.339495188478338150e+01
5.337329569127265216e+01
5.338156781028897058e+01
5.345907669072998658e+01
5.351144153501454070e+01
5.349165947900579710e+01
5.346679441630688245e+01
5.344908671063353012e+01
5.345258975709415239e+01
5.343769055623479858e+01
5.345932911191191295e+01
5.343484097545784550e+01
5.344665367917043852e+01
5.346498082135057928e+01
5.343872412448956766e+01
5.341732669078479745e+01
5.338781691186198941e+01
5.336980104934201563e+01
5.335477453896465505e+01
5.336753984109219573e+01
5.334373670387940791e+01
5.335451312139905866e+01
5.342359222856796919e+01
5.347492078134884252e+01
5.347851944477994124e+01
5.345588779695339809e+01
5.345132392812731581e+01
5.342963956416376448e+01
5.343251421491459752e+01
5.340407343991930844e+01
5.337633512291555604e+01
5.337275263241614454e+01
5.334495397649426707e+01
5.331483283298063469e+01
5.331192951391722090e+01
5.329481241844169404e+01
5.328341968159937636e+01
5.327178167546318122e+01
5.324728449691706089e+01
5.326470462851607124e+01
5.324160606082282499e+01
5.331138551055990149e+01
5.328766431424862304e+01
5.334528987552613444e+01
5.334976329561892783e+01
5.334333507240435779e+01
5.335382039779729979e+01
5.335265461542481802e+01
5.334453724215219239e+01
5.343214892975209551e+01
5.342342532343737815e+01
5.341023868841752176e+01
5.343536601498655614e+01
5.341238991590289942e+01
5.339275281468499657e+01
5.349162694170207999e+01
5.346421158291541786e+01
5.352793791093215248e+01
5.358383703408695453e+01
5.358246693282709572e+01
5.357618787721030174e+01
5.361601423422004586e+01
5.364659862814899327e+01
5.363660037555316507e+01
5.365844149136921004e+01
5.365905887462205470e+01
5.373273021970403818e+01
5.372214234566115465e+01
5.370014460110732557e+01
5.367879851334312491e+01
5.369554754501308480e+01
5.375776844956099865e+01
5.374707027095715262e+01
5.375846057714552728e+01
5.375273279438843588e+01
5.374761416088084331e+01
5.375932925754541003e+01
5.376200779871567903e+01
5.374068637264233672e+01
5.375220153797070566e+01
5.373795656736070470e+01
5.373636838870459087e+01
5.373280921471927485e+01
5.374780135886023658e+01
5.372152653925520127e+01
5.377728893752009043e+01
5.380202173249152509e+01
5.378435857727726699e+01
5.384183553894852992e+01
5.386557308951478262e+01
5.383996872573232650e+01
5.383591408950599089e+01
5.385603766542673299e+01
5.385494079184586980e+01
5.397064469720145041e+01
5.396977478999936295e+01
5.398228549350348970e+01
5.395566506402900586e+01
5.404542772816432716e+01
5.406601474474364011e+01
5.406719583975289112e+01
5.407232247352687438e+01
5.406895690793017906e+01
5.406855297379669167e+01
5.409785042090862817e+01
5.407874603833821681e+01
5.410544682235157410e+01
5.410749831111185415e+01
5.408477222862909173e+01
5.406691869461597832e+01
5.410481609277668014e+01
5.407769685634781354e+01
5.406603061306481806e+01
5.405496352730142462e+01
5.405055236577913291e+01
5.407059107423719269e+01
5.410010933219638218e+01
5.409803139817051232e+01
5.407423633277144859e+01
5.407180193469939411e+01
5.404387959582955148e+01
5.403865068244782321e+01
5.401565458007220855e+01
5.400182024884958309e+01
5.400915958913475379e+01
5.399196137678502083e+01
5.403111019160340334e+01
5.404655172927557771e+01
5.407508995293791543e+01
5.405260978074430511e+01
5.412750671126330815e+01
5.410782521400198419e+01
5.413996961748241432e+01
5.413126902599062618e+01
5.415849666877038260e+01
5.414300123253079278e+01
5.415407615481990433e+01
5.413360426520291213e+01
5.413255453685479779e+01
5.410827593994310547e+01
5.412407456707099840e+01
5.414123164823828915e+01
5.413145176330868935e+01
5.410786208499602168e+01
5.412973541430838509e+01
5.410814224859399246e+01
5.413150108724988741e+01
5.411827046704663502e+01
5.409449390772962118e+01
5.410749130618190605e+01
5.413398592208008608e+01
5.414017410232813887e+01
5.417917945699014126e+01
5.416245476134963610e+01
5.416530413174439929e+01
5.420869407535074203e+01
5.420963015710816535e+01
5.422907301143715841e+01
5.422275610462896367e+01
5.426797503912596454e+01
5.427787400898338888e+01
5.425478909300423425e+01
5.424407087349422341e+01
5.423154501902583746e+01
5.420969134499624431e+01
5.420816882803704573e+01
5.421047021754755235e+01
5.418210567789679999e+01
5.421390596051721644e+01
5.420259004088177335e+01
5.422884546105414927e+01
5.420168548889242288e+01
5.423384911100595218e+01
5.422812519215094085e+01
5.422493880642336705e+01
5.424429978009875697e+01
5.423030419542383385e+01
5.427339165647710928e+01
5.424949112450106270e+01
5.423666788588352716e+01
5.422423584134138252e+01
5.428428024424414389e+01
5.429861073685508899e+01
5.428073410686885580e+01
5.429199168120696584e+01
5.426418088311850596e+01
5.431137456795497087e+01
5.429661906758629186e+01
5.428583833404625381e+01
5.428356700192694007e+01
5.427586544995178741e+01
5.426196306353084253e+01
5.426975679848747802e+01
5.428624583608451104e+01
5.428707860462062484e+01
5.426798428059807122e+01
5.428445672891123763e+01
5.425747159845408163e+01
5.426238592728847721e+01
5.424947771514771944e+01
5.428320680121230879e+01
5.428379298496163585e+01
5.429359039447979995e+01
5.426937817371928219e+01
5.425537048403307239e+01
5.425964095744373594e+01
5.425698702689903286e+01
5.422984008857195448e+01
5.422633622410643994e+01
5.420840357487318073e+01
5.419724917790167495e+01
5.417555547314851339e+01
5.414846698291913185e+01
5.412822751717001779e+01
5.411675206347329237e+01
5.418809470200948653e+01
5.416762734146484348e+01
5.415075640336289808e+01
5.413655441843978622e+01
5.413205703680242209e+01
5.412998305464930837e+01
5.414276289165356815e+01
5.414391361911123113e+01
5.411934758665250911e+01
5.412096023969032643e+01
5.409496910898591437e+01
5.407818671506790054e+01
5.405548796055103367e+01
5.410594161744845110e+01
5.409500717380501555e+01
5.414401108604190682e+01
5.413378957645450384e+01
5.417112847785181629e+01
5.414683452243212258e+01
5.417216279177996086e+01
5.423106975653604422e+01
5.421375931376299206e+01
5.420806614969469450e+01
5.419010523023887060e+01
5.417000327536555915e+01
5.420490077198401480e+01
5.423322332973608439e+01
5.423173900336607289e+01
5.420627650192655977e+01
5.419414286475417697e+01
5.417272357373143876e+01
5.416842388288120702e+01
5.414870127550351953e+01
5.419173298891096380e+01
5.417242903564483214e+01
5.415146674529034243e+01
5.414335531126412349e+01
5.412119007546374405e+01
5.409575723855573415e+01
5.408785708195985364e+01
5.409237122492532279e+01
5.410039322937245032e+01
5.411227853483455164e+01
5.409479327809320637e+01
5.409938894247671470e+01
5.407792279064396723e+01
5.407766022359788849e+01
5.414455419120303503e+01
5.414367914778430446e+01
5.412924826559512326e+01
5.415814050264165047e+01
5.415162492049670107e+01
5.414031206203081581e+01
5.417957073362707376e+01
5.415639482334290733e+01
5.413952677227271693e+01
5.411659492464855958e+01
5.409533956045947178e+01
5.408773581454372703e+01
5.407301177138641890e+01
5.408781711150645322e+01
5.409103752907567042e+01
5.410655374982619037e+01
5.408709952240610619e+01
5.409611950508313072e+01
5.407822821949946501e+01
5.405745817148686427e+01
5.406412614891767277e+01
5.408408848031831440e+01
5.407258537765007844e+01
5.406873715102306477e+01
5.407854818690977083e+01
5.408504295090732228e+01
5.406128679209178500e+01
5.406545089235655865e+01
5.405109056839178550e+01
5.402939522824788554e+01
5.403864018267558578e+01
5.402263083492385221e+01
5.402689511806337208e+01
5.401518974156714137e+01
5.401844342982966651e+01
5.399425401591270912e+01
5.399949969805744843e+01
5.401350508824177865e+01
5.399414396514517733e+01
5.399813915373345452e+01
5.397785335496799775e+01
5.397332451336905734e+01
5.395911164355635492e+01
5.394400548062262857e+01
5.394724226090298203e+01
5.395235483788915332e+01
5.393575909403063662e+01
5.392741626875905325e+01
5.392664686889109049e+01
5.395441741980308592e+01
5.395646233047067852e+01
5.394430164738299993e+01
5.393908320163378534e+01
5.391706629476824730e+01
5.391634939206052479e+01
5.390066759040276168e+01
5.388379118756007102e+01
5.386746702216355942e+01
5.387826363730194856e+01
