# 	r			Protein			OW			SOD			CLA
0.000000000000000000e+00 2.546617726635181904e+07 1.404156954326343536e+07 1.290875635433197021e+05 2.022777043533325195e+05
1.499999999999999944e-02 2.666608433370244503e+07 1.294879451437950134e+07 1.119601842308044434e+05 1.832765039443969727e+05
2.500000000000000139e-02 2.703575782546675205e+07 1.311794017264747620e+07 1.401916228828430176e+05 2.040502043914794922e+05
3.499999999999999639e-02 2.454697687362396717e+07 1.451180791274452209e+07 2.016892600116729736e+05 2.745957059097290039e+05
4.499999999999999833e-02 2.415476557380712032e+07 1.493687997563362122e+07 2.293459543914794922e+05 3.073515066146850586e+05
5.500000000000000028e-02 2.631159913061296940e+07 1.335250737808322906e+07 1.440998839340209961e+05 2.435415052413940430e+05
6.500000000000000222e-02 2.771462128128552437e+07 1.221950985725021362e+07 1.043505700664520264e+05 1.636372035217285156e+05
7.500000000000001110e-02 2.816550466876578331e+07 1.247314834765148163e+07 9.147629836845397949e+04 1.366243029403686523e+05
8.500000000000000611e-02 2.674252408091044426e+07 1.291185189945888519e+07 7.683181431198120117e+04 1.158151524925231934e+05
9.500000000000000111e-02 2.848216222739577293e+07 1.200596586359691620e+07 6.600363222312927246e+04 1.004298521614074707e+05
1.050000000000000100e-01 2.754286345716702938e+07 1.300328847125244141e+07 1.183973200798034668e+05 1.726060537147521973e+05
1.150000000000000050e-01 2.074983684525120258e+07 1.723882566941165924e+07 2.736242531242370605e+05 3.916516084289550781e+05
1.250000000000000000e-01 1.189302238105726242e+07 2.340406651771831512e+07 5.095452819900512695e+05 8.074092173767089844e+05
1.350000000000000089e-01 5.215598115586996078e+06 2.802034144098186493e+07 8.001129962596893311e+05 1.285381577663421631e+06
1.450000000000000178e-01 1.500476962739348412e+06 3.051196002340602875e+07 1.026953065624237061e+06 1.605814134559631348e+06
1.549999999999999989e-01 2.712921269050836563e+05 3.142704571434783936e+07 1.134177357051849365e+06 1.760411587886810303e+06
1.650000000000000078e-01 2.135518462395668030e+04 3.161699059279632568e+07 1.168937890636444092e+06 1.800576438751220703e+06
1.750000000000000167e-01 5.728939898014068604e+02 3.162366234265422821e+07 1.170662123453140259e+06 1.817379739112854004e+06
1.849999999999999978e-01 0.000000000000000000e+00 3.163623787116336823e+07 1.183375466754913330e+06 1.814011989040374756e+06
1.950000000000000067e-01 0.000000000000000000e+00 3.162974211470699310e+07 1.177237197927474976e+06 1.810147938957214355e+06
2.050000000000000155e-01 0.000000000000000000e+00 3.162588625927352905e+07 1.166523964693069458e+06 1.818833189144134521e+06
2.149999999999999967e-01 0.000000000000000000e+00 3.162100644223117828e+07 1.181835152105331421e+06 1.799052088718414307e+06
2.250000000000000056e-01 0.000000000000000000e+00 3.161953449741840363e+07 1.176524515029907227e+06 1.806567488880157471e+06
2.350000000000000144e-01 0.000000000000000000e+00 3.159716733602428436e+07 1.174409456108093262e+06 1.806354788875579834e+06
2.449999999999999956e-01 0.000000000000000000e+00 3.159908726404094696e+07 1.170340266660690308e+06 1.833190439453125000e+06
2.550000000000000044e-01 0.000000000000000000e+00 3.160755094671440125e+07 1.182111029356002808e+06 1.809261688938140869e+06
2.650000000000000133e-01 0.000000000000000000e+00 3.160412707508468628e+07 1.178386686471939087e+06 1.818868639144897461e+06
2.750000000000000222e-01 0.000000000000000000e+00 3.160204715306663513e+07 1.175489975339889526e+06 1.821917339210510254e+06
2.850000000000000311e-01 0.000000000000000000e+00 3.158532777992153168e+07 1.176754412738800049e+06 1.810927838973999023e+06
2.949999999999999845e-01 0.000000000000000000e+00 3.160457505828857422e+07 1.173145018709182739e+06 1.800718238754272461e+06
3.049999999999999933e-01 0.000000000000000000e+00 3.158806367734527588e+07 1.169006859949111938e+06 1.810466988964080811e+06
3.150000000000000022e-01 0.000000000000000000e+00 3.158838366534805298e+07 1.169466655366897583e+06 1.814756439056396484e+06
3.250000000000000111e-01 0.000000000000000000e+00 3.158644773793125153e+07 1.169489645137786865e+06 1.807063788890838623e+06
3.350000000000000200e-01 0.000000000000000000e+00 3.157404820282363892e+07 1.177972870595932007e+06 1.797988588695526123e+06
3.450000000000000289e-01 0.000000000000000000e+00 3.157974398927307129e+07 1.175053169692993164e+06 1.812274939002990723e+06
3.550000000000000377e-01 0.000000000000000000e+00 3.158854365934944153e+07 1.168432115676879883e+06 1.811636838989257812e+06
3.649999999999999911e-01 0.000000000000000000e+00 3.158137592808723450e+07 1.173213988021850586e+06 1.805787588863372803e+06
3.750000000000000000e-01 0.000000000000000000e+00 3.157721608405113220e+07 1.172915121000289917e+06 1.808659038925170898e+06
3.850000000000000089e-01 0.000000000000000000e+00 3.157585613503932953e+07 1.183881241714477539e+06 1.809651638946533203e+06
3.950000000000000178e-01 0.000000000000000000e+00 3.155318498504257202e+07 1.169765522388458252e+06 1.818833189144134521e+06
4.050000000000000266e-01 0.000000000000000000e+00 3.156867240437698364e+07 1.169052839490890503e+06 1.798768488712310791e+06
4.150000000000000355e-01 0.000000000000000000e+00 3.157616012364196777e+07 1.171213877954483032e+06 1.804830438842773438e+06
4.249999999999999889e-01 0.000000000000000000e+00 3.158142392628765106e+07 1.171466765434265137e+06 1.807276488895416260e+06
4.349999999999999978e-01 0.000000000000000000e+00 3.154244938754940033e+07 1.178248747846603394e+06 1.823583489246368408e+06
4.450000000000000067e-01 0.000000000000000000e+00 3.156420857173824310e+07 1.174409456108093262e+06 1.800470088748931885e+06
4.550000000000000155e-01 0.000000000000000000e+00 3.155296099344062805e+07 1.179536175016403198e+06 1.816387139091491699e+06
4.650000000000000244e-01 0.000000000000000000e+00 3.157635211644363403e+07 1.173834711835861206e+06 1.820712039184570312e+06
4.750000000000000333e-01 0.000000000000000000e+00 3.155996873070144653e+07 1.177306167240142822e+06 1.803306088809967041e+06
4.849999999999999867e-01 0.000000000000000000e+00 3.155483292325687408e+07 1.172685223291397095e+06 1.813232089023590088e+06
5.000000000000000000e-01 0.000000000000000000e+00 3.155979273729991913e+07 1.171949550622940063e+06 1.808375438919067383e+06
